03300000        2008820024000107001080130107953     001854500           SI TELEINFORMATICA - CONSULTORBANCO SANTANDER (BRASIL) S/A            203022012      000742040                                                                          
03353801T01  040 2008820024000107001854500           001080130107953     SI TELEINFORMATICA - CONSULTOR                                                                                0000074203022012                                         
0335380300001T 17001080130107953        00000000829431               0302201200000000000399003309628                         002000000000000000                                        00185450080000000000000000300000000                      
0335380300002U 170000000000000000000000000000000000000000000000000000000000000000000000041390000000000041390000000000000000000000000001490302201206022012000000000000000000000000000                              000                           
0335380300003T 17001080130107953        00000000840741               0302201200000000001000003307765                         002000000000000000                                        00185450080000000000000000300000000                      
0335380300004U 170000000000000000000000000000000000000000000000000000000000000000000000103500000000000103500000000000000000000000000003500302201206022012000000000000000000000000000                              000                           
0335380300005T 17001080130107953        00000000846541               0302201200000000000759003346450                         002000000000000000                                        00185450080000000000000000300000000                      
0335380300006U 170000000000000000000000000000000000000000000000000000000000000000000000078560000000000078560000000000000000000000000002660302201206022012000000000000000000000000000                              000                           
0335380300007T 17001080130107953        00000000673261               0302201200000000001000003309121                         002000000000000000                                        00185450080000000000000000300000000                      
0335380300008U 170000000000000000000000000000000000000000000000000000000000000000000000103000000000000103000000000000000000000000000003000302201206022012000000000000000000000000000                              000                           
0335380300009T 17001080130107953        00000000679151               0302201200000000000599003309121                         002000000000000000                                        00185450080000000000000000300000000                      
0335380300010U 170000000000000000000000000000000000000000000000000000000000000000000000062000000000000062000000000000000000000000000002100302201206022012000000000000000000000000000                              000                           
0335380300011T 17001080130107953        00000000709931               0302201200000000000759003307765                         002000000000000000                                        00185450080000000000000000300000000                      
0335380300012U 170000000000000000000000000000000000000000000000000000000000000000000000077780000000000077780000000000000000000000000001880302201206022012000000000000000000000000000                              000                           
0335380300013T 17001080130107953        00000000780581               0302201200000000000599003313323                         002000000000000000                                        00185450080000000000000000300000000                      
0335380300014U 170000000000000000000000000000000000000000000000000000000000000000000000062890000000000062890000000000000000000000000002990302201206022012000000000000000000000000000                              000                           
0335380300015T 17001080130107953        00000000641751               0302201200000000000450003309121                         002000000000000000                                        00185450080000000000000000300000000                      
0335380300016U 170000000000000000000000000000000000000000000000000000000000000000000000045000000000000045000000000000000000000000000000000302201206022012000000000000000000000000000                              000                           
0335380300017T 17001080130107953        00000000663201               0302201200000000000564303337290                         002000000000000000                                        00185450080000000000000000300000000                      
0335380300018U 170000000000000000000000000000000000000000000000000000000000000000000000056430000000000056430000000000000000000000000000000302201206022012000000000000000000000000000                              000                           
0335380300019T 17001080130107953        00000000775851               0302201200000000000599003309121                         002000000000000000                                        00185450080000000000000000300000000                      
0335380300020U 170000000000000000000000000000000000000000000000000000000000000000000000059900000000000059900000000000000000000000000000000302201206022012000000000000000000000000000                              000                           
0335380300021T 17001080130107953        00000000669471               0302201200000000000599010400296                         002000000000000000                                        00185450080000000000000000400000000                      
0335380300022U 170000000000000000000000000000000000000000000000000000000000000000000000059900000000000059900000000000000000000000000000000302201206022012000000000000000000000000000                              000                           
0335380300023T 17001080130107953        00000000641271               0302201200000000000500034107701                         002000000000000000                                        00185450080000000000000000400000000                      
0335380300024U 170000000000000000000000000000000000000000000000000000000000000000000000050000000000000050000000000000000000000000000000000302201206022012000000000000000000000000000                              000                           
0335380300025T 17001080130107953        00000000711021               0302201200000000000599034101695                         002000000000000000                                        00185450080000000000000000400000000                      
0335380300026U 170000000000000000000000000000000000000000000000000000000000000000000000059900000000000059900000000000000000000000000000000302201206022012000000000000000000000000000                              000                           
0335380300027T 17001080130107953        00000000773321               0302201200000000000599034107701                         002000000000000000                                        00185450080000000000000000400000000                      
0335380300028U 170000000000000000000000000000000000000000000000000000000000000000000000059900000000000059900000000000000000000000000000000302201206022012000000000000000000000000000                              000                           
0335380300029T 17001080130107953        00000000806071               0302201200000000000599023700970                         002000000000000000                                        00185450080000000000000000400000000                      
0335380300030U 170000000000000000000000000000000000000000000000000000000000000000000000059900000000000059900000000000000000000000000000000302201206022012000000000000000000000000000                              000                           
0335380300031T 17001080130107953        00000000816801               0302201200000000000449034109183                         002000000000000000                                        00185450080000000000000000400000000                      
0335380300032U 170000000000000000000000000000000000000000000000000000000000000000000000044900000000000044900000000000000000000000000000000302201206022012000000000000000000000000000                              000                           
0335380300033T 17001080130107953        00000000817161               0302201200000000000449034109183                         002000000000000000                                        00185450080000000000000000400000000                      
0335380300034U 170000000000000000000000000000000000000000000000000000000000000000000000044900000000000044900000000000000000000000000000000302201206022012000000000000000000000000000                              000                           
0335380300035T 17001080130107953        00000000840331               0302201200000000000759034107699                         002000000000000000                                        00185450080000000000000000400000000                      
0335380300036U 170000000000000000000000000000000000000000010000000000000000000000000000065900000000000065900000000000000000000000000000000302201206022012000000000000000000000000000                              000                           
0335380300037T 17001080130107953        00000000703761               0302201200000000000449010400296                         002000000000000000                                        00185450080000000000000000400000000                      
0335380300038U 170000000000000000000000000000000000000000000000000000000000000000000000044900000000000044900000000000000000000000000000000302201206022012000000000000000000000000000                              000                           
0335380300039T 17001080130107953        00000000844261               0302201200000000000599034100009                         002000000000000000                                        00185450080000000000000000400000000                      
0335380300040U 170000000000000000000000000000000000000000000000000000000000000000000000059900000000000059900000000000000000000000000000000302201206022012000000000000000000000000000                              000                           
0335380300041T 17001080130107953        00000000710531               0302201200000000000777734108391                         002000000000000000                                        00185450080000000000000000400000000                      
0335380300042U 170000000000000000000000000000000000000000000000000000000000000000000000077770000000000077770000000000000000000000000000000302201206022012000000000000000000000000000                              000                           
0335380300043T 17001080130107953        00000000710661               0302201200000000000599010400296                         002000000000000000                                        00185450080000000000000000400000000                      
0335380300044U 170000000000000000000000000000000000000000000000000000000000000000000000059900000000000059900000000000000000000000000000000302201206022012000000000000000000000000000                              000                           
0335380300045T 17001080130107953        00000000713071               0302201200000000000449010404088                         002000000000000000                                        00185450080000000000000000400000000                      
0335380300046U 170000000000000000000000000000000000000000000000000000000000000000000000044900000000000044900000000000000000000000000000000302201206022012000000000000000000000000000                              000                           
0335380300047T 17001080130107953        00000000717541               0302201200000000000449010404083                         002000000000000000                                        00185450080000000000000000400000000                      
0335380300048U 170000000000000000000000000000000000000000000000000000000000000000000000044900000000000044900000000000000000000000000000000302201206022012000000000000000000000000000                              000                           
0335380300049T 17001080130107953        00000000724651               0302201200000000000599010404088                         002000000000000000                                        00185450080000000000000000400000000                      
0335380300050U 170000000000000000000000000000000000000000000000000000000000000000000000059900000000000059900000000000000000000000000000000302201206022012000000000000000000000000000                              000                           
0335380300051T 17001080130107953        00000000761771               0302201200000000000399010404083                         002000000000000000                                        00185450080000000000000000400000000                      
0335380300052U 170000000000000000000000000000000000000000000000000000000000000000000000039900000000000039900000000000000000000000000000000302201206022012000000000000000000000000000                              000                           
0335380300053T 17001080130107953        00000000762631               0302201200000000000399010400676                         002000000000000000                                        00185450080000000000000000400000000                      
0335380300054U 170000000000000000000000000000000000000000000000000000000000000000000000039900000000000039900000000000000000000000000000000302201206022012000000000000000000000000000                              000                           
0335380300055T 17001080130107953        00000000767371               0302201200000000000399034101419                         002000000000000000                                        00185450080000000000000000400000000                      
0335380300056U 170000000000000000000000000000000000000000000000000000000000000000000000039900000000000039900000000000000000000000000000000302201206022012000000000000000000000000000                              000                           
0335380300057T 17001080130107953        00000000811741               0302201200000000000449010404088                         002000000000000000                                        00185450080000000000000000400000000                      
0335380300058U 170000000000000000000000000000000000000000000000000000000000000000000000044900000000000044900000000000000000000000000000000302201206022012000000000000000000000000000                              000                           
0335380300059T 17001080130107953        00000000822961               0302201200000000000599010401604                         002000000000000000                                        00185450080000000000000000400000000                      
0335380300060U 170000000000000000000000000000000000000000000000000000000000000000000000059900000000000059900000000000000000000000000000000302201206022012000000000000000000000000000                              000                           
0335380300061T 17001080130107953        00000000825721               0302201200000000000759010403100                         002000000000000000                                        00185450080000000000000000400000000                      
0335380300062U 170000000000000000000000000000000000000000000000000000000000000000000000075900000000000075900000000000000000000000000000000302201206022012000000000000000000000000000                              000                           
0335380300063T 17001080130107953        00000000836631               0302201200000000000399000101593                         002000000000000000                                        00185450080000000000000000400000000                      
0335380300064U 170000000000000000000000000000000000000000000000000000000000000000000000039900000000000039900000000000000000000000000000000302201206022012000000000000000000000000000                              000                           
0335380300065T 17001080130107953        00000000785321               0302201200000000000449003307188                         002000000000000000                                        00185450080000000000000000300000000                      
0335380300066U 170000000000000000000000000000000000000000000000000000000000000000000000044900000000000044900000000000000000000000000000000302201206022012000000000000000000000000000                              000                           
03353805         0000660000000000000000000000000000000000000000000000000000000000000000000000000000000000000000000000000000                                                                                                                     
03353809         000001000070                                                                                                                                                                                                                   
