|0000|08.411.698/0001-40|
|0010|00942763076||CHARLES TH|RUA BENJAMIN CONSTANT|2369|SDFSDFDSFSDFD| CENRO|4317905|RS|30|98960000||||55|3541-0717|(12)3121-3213 2213||||N|7||||||
|0010|30893640000||IVO HENRIQ|RUA MARECHAL DEODORO|2170||CENTRO|4317905|RS|30|98960000||||55|3541-1161|(55)3541-1942||||N|7||||||
|0010|60288906004||MARLENE HA|RUA MARECHAL DEODORO|2170||CENTRO|4317905|RS|30|98960000||||55|3541-1161|(55)3541-1572||||N|7||||||
|0010|90726537004||ALTAIR JOS|RUA MARECHAL DEODORO|2280|AP 01|CENTRO|4317905|RS|30|98960000||||55|99320984|||||N|7||||||
|0010|44162022020||ADELAR SCH|LINHA TAQUARACU|S/N||INTERIOR|4317905|RS|30|98960000||||||||||N|7||||||
|0010|02017621021||DANIEL AFO|RUA 1º DE MAIO|400|| CENTRO|4319372|RS|30|97920000||||||||||N|7||||||
|0010|01945082000100|ABATEDOURO GALLAS|ABATEDOURO|RUA DOM PEDRO II|1627||CENTRO|4317905|RS|30|98960000||||3541 1236|3541 1236|||||N|7||||||
|0010|90884221091||JOSE ARAMI|RUA PADRE JOSE INACIO SCHARDONG|1215||CIEP|435207|RS|30|97900000||||||||||N|7||||||
|0010|88540510049||MARISA SOL|RUA OLAVO BILAC|232||RUEDELL|4317905|RS|30|98960000||||||||||N|7||||||
|0010|17494400087||LUCILA RUW|RUA SENO MARCOS STRACKER|S/N||VILA SANTA CATARINA|4316477|RS|30|97940000||||55|33582031|||||N|7||||||
|0010|30968127053||NELSON BOE|RUA CASTELO BRANCO|989||CENTRO|4319372|RS|30|97920000||||55|33691153|||||N|7||||||
|0010|90064313034||VANIA TEN |RUA DOM HERMETO PINHEIRO|526||CENTRO|4317905|RS|30|98960000||||||||||N|7||||||
|0010|07708243000128|RICARDO LUIS MATTIAZZI|RICARDO LU|VILA CATARINA|S/N||INTERIOR|4316477|RS|30|97940000||||||||||N|7||||||
|0010|31456251015||SALETE MAR|RUA TENETE JUNG|911||CENTRO|4317905|RS|30|98960000||||55|35411538|||||N|7||||||
|0010|95186930059||DIEGO SILV|RUA CLOVIS PEDROSO|128||VILA SANTOS|4317202|RS|30|98900000||||||||||N|7||||||
|0010|01234567890||NATANAEL|RUA 39|||PARQUE RESIDENCIAL NOVA FRONTE|179500|TO|30|77415190||||63|3311-5050|||||N|7||||||
|0010|02197484117||EU, EU MES|AVENIDA GOIAS|2355||SETOR CENTRAL|179500|TO|30|77410010||||63|3350-5050|||||N|7||||||
|0010|40309757800||ANDRE TAYL|AVENIDA GOIAS|||SETOR CENTRAL|179500|TO|30|77410010||||63| 3311-5050|||||N|7||||||
|3000|21|90064313034|7|001|488|530100||02/05/2013|19/04/2013|44,90|||E|E|E|E|4317905|0|530100|0|||
|3020|1|100,00|44,90||0,00|0,00|0,00|44,90|
|3000|21|90726537004|7|001|469|530100||02/05/2013|19/04/2013|44,90|||E|E|E|E|4317905|0|530100|0|||
|3020|1|100,00|44,90||0,00|0,00|0,00|44,90|
|3000|21|88540510049|7|001|482|530100||02/05/2013|19/04/2013|44,90|||E|E|E|E|4317905|0|530100|0|||
|3020|1|100,00|44,90||0,00|0,00|0,00|44,90|
|3000|21|02017621021|7|001|369|530100||02/05/2013|27/03/2013|69,00|||E|E|E|E|4319372|0|530100|0|||
|3020|1|100,00|69,00||0,00|0,00|0,00|69,00|
|3000|21|07708243000128|7|001|393|530100||02/05/2013|27/03/2013|44,90|||E|E|E|E|4316477|0|530100|0|||
|3020|1|100,00|44,90||0,00|0,00|0,00|44,90|
|3000|21|90884221091|7|001|121|530100||02/05/2013|19/04/2013|44,90|||E|E|E|E|435207|0|530100|0|||
|3020|1|100,00|44,90||0,00|0,00|0,00|44,90|
|3000|21|01945082000100|7|001|474|530100||02/05/2013|19/04/2013|129,00|||E|E|E|E|4317905|0|530100|0|||
|3020|1|100,00|129,00||0,00|0,00|0,00|129,00|
|3000|21|44162022020|7|001|72429|530100||02/05/2013|02/05/2013|2,90|||E|E|E|E|4317905|0|530100|0|||
|3020|1|100,00|2,90||0,00|0,00|0,00|2,90|
|3000|21|90064313034|7|001|384|530100||02/05/2013|27/03/2013|44,90|||E|E|E|E|4317905|0|530100|0|||
|3020|1|100,00|44,90||0,00|0,00|0,00|44,90|
|3000|21|02197484117|7|001|66514|530100||03/05/2013|03/05/2013|31,86|||E|E|E|E|179500|0|530100|0|||
|3020|1|100,00|31,86||0,00|0,00|0,00|31,86|
|3000|21|02197484117|7|001|66515|530100||03/05/2013|03/05/2013|44,90|||E|E|E|E|179500|0|530100|0|||
|3020|1|100,00|44,90||0,00|0,00|0,00|44,90|
|3000|21|02197484117|7|001|66516|530100||03/05/2013|03/05/2013|44,90|||E|E|E|E|179500|0|530100|0|||
|3020|1|100,00|44,90||0,00|0,00|0,00|44,90|
|3000|21|17494400087|7|001|486|530100||04/05/2013|19/04/2013|44,90|||E|E|E|E|4316477|0|530100|0|||
|3020|1|100,00|44,90||0,00|0,00|0,00|44,90|
|3000|21|40309757800|7|001|72430|530100||04/05/2013|04/05/2013|77,52|||E|E|E|E|179500|0|530100|0|||
|3020|1|100,00|77,52||0,00|0,00|0,00|77,52|
|3000|21|31456251015|7|001|72431|530100||07/05/2013|07/05/2013|15,31|||E|E|E|E|4317905|0|530100|0|||
|3020|1|100,00|15,31||0,00|0,00|0,00|15,31|
|3000|21|01234567890|7|001|127|530100||08/05/2013|08/05/2013|14,48|||E|E|E|E|179500|0|530100|0|||
|3020|1|100,00|14,48||0,00|0,00|0,00|14,48|
|3000|21|01234567890|7|001|128|530100||08/05/2013|08/05/2013|44,90|||E|E|E|E|179500|0|530100|0|||
|3020|1|100,00|44,90||0,00|0,00|0,00|44,90|
|3000|21|01234567890|7|001|129|530100||08/05/2013|08/05/2013|44,90|||E|E|E|E|179500|0|530100|0|||
|3020|1|100,00|44,90||0,00|0,00|0,00|44,90|
|3000|21|01234567890|7|001|130|530100||08/05/2013|08/05/2013|44,90|||E|E|E|E|179500|0|530100|0|||
|3020|1|100,00|44,90||0,00|0,00|0,00|44,90|
|3000|21|01234567890|7|001|131|530100||08/05/2013|08/05/2013|44,90|||E|E|E|E|179500|0|530100|0|||
|3020|1|100,00|44,90||0,00|0,00|0,00|44,90|
|3000|21|01234567890|7|001|132|530100||08/05/2013|08/05/2013|44,90|||E|E|E|E|179500|0|530100|0|||
|3020|1|100,00|44,90||0,00|0,00|0,00|44,90|
|3000|21|01234567890|7|001|133|530100||08/05/2013|08/05/2013|44,90|||E|E|E|E|179500|0|530100|0|||
|3020|1|100,00|44,90||0,00|0,00|0,00|44,90|
|3000|21|01234567890|7|001|134|530100||08/05/2013|08/05/2013|44,90|||E|E|E|E|179500|0|530100|0|||
|3020|1|100,00|44,90||0,00|0,00|0,00|44,90|
|3000|21|01234567890|7|001|135|530100||08/05/2013|08/05/2013|44,90|||E|E|E|E|179500|0|530100|0|||
|3020|1|100,00|44,90||0,00|0,00|0,00|44,90|
|3000|21|01234567890|7|001|136|530100||08/05/2013|08/05/2013|44,90|||E|E|E|E|179500|0|530100|0|||
|3020|1|100,00|44,90||0,00|0,00|0,00|44,90|
|3000|21|01234567890|7|001|137|530100||08/05/2013|08/05/2013|44,90|||E|E|E|E|179500|0|530100|0|||
|3020|1|100,00|44,90||0,00|0,00|0,00|44,90|
|3000|21|01234567890|7|001|138|530100||08/05/2013|08/05/2013|44,90|||E|E|E|E|179500|0|530100|0|||
|3020|1|100,00|44,90||0,00|0,00|0,00|44,90|
|3000|21|01234567890|7|001|72432|530100||13/05/2013|13/05/2013|30,42|||E|E|E|E|179500|0|530100|0|||
|3020|1|100,00|30,42||0,00|0,00|0,00|30,42|
|3000|21|60288906004|7|001|139|530100||28/05/2013|28/05/2013|9,01|||E|E|E|E|4317905|0|530100|0|||
|3020|1|100,00|9,01||0,00|0,00|0,00|9,01|
|3000|21|60288906004|7|001|140|530100||28/05/2013|28/05/2013|34,90|||E|E|E|E|4317905|0|530100|0|||
|3020|1|100,00|34,90||0,00|0,00|0,00|34,90|
|3000|21|60288906004|7|001|141|530100||28/05/2013|28/05/2013|34,90|||E|E|E|E|4317905|0|530100|0|||
|3020|1|100,00|34,90||0,00|0,00|0,00|34,90|
|3000|21|60288906004|7|001|142|530100||28/05/2013|28/05/2013|34,90|||E|E|E|E|4317905|0|530100|0|||
|3020|1|100,00|34,90||0,00|0,00|0,00|34,90|
|3000|21|60288906004|7|001|143|530100||28/05/2013|28/05/2013|34,90|||E|E|E|E|4317905|0|530100|0|||
|3020|1|100,00|34,90||0,00|0,00|0,00|34,90|
|3000|21|60288906004|7|001|144|530100||28/05/2013|28/05/2013|34,90|||E|E|E|E|4317905|0|530100|0|||
|3020|1|100,00|34,90||0,00|0,00|0,00|34,90|
|3000|21|60288906004|7|001|145|530100||28/05/2013|28/05/2013|34,90|||E|E|E|E|4317905|0|530100|0|||
|3020|1|100,00|34,90||0,00|0,00|0,00|34,90|
|3000|21|60288906004|7|001|146|530100||28/05/2013|28/05/2013|34,90|||E|E|E|E|4317905|0|530100|0|||
|3020|1|100,00|34,90||0,00|0,00|0,00|34,90|
|3000|21|60288906004|7|001|147|530100||28/05/2013|28/05/2013|34,90|||E|E|E|E|4317905|0|530100|0|||
|3020|1|100,00|34,90||0,00|0,00|0,00|34,90|
|3000|21|60288906004|7|001|148|530100||28/05/2013|28/05/2013|34,90|||E|E|E|E|4317905|0|530100|0|||
|3020|1|100,00|34,90||0,00|0,00|0,00|34,90|
|3000|21|60288906004|7|001|149|530100||28/05/2013|28/05/2013|34,90|||E|E|E|E|4317905|0|530100|0|||
|3020|1|100,00|34,90||0,00|0,00|0,00|34,90|
|3000|21|60288906004|7|001|150|530100||28/05/2013|28/05/2013|34,90|||E|E|E|E|4317905|0|530100|0|||
|3020|1|100,00|34,90||0,00|0,00|0,00|34,90|
|3000|21|00942763076|7|001|151|530100||29/05/2013|29/05/2013|5,79|||E|E|E|E|4317905|0|530100|0|||
|3020|1|100,00|5,79||0,00|0,00|0,00|5,79|
|3000|21|00942763076|7|001|152|530100||29/05/2013|29/05/2013|44,90|||E|E|E|E|4317905|0|530100|0|||
|3020|1|100,00|44,90||0,00|0,00|0,00|44,90|
|3000|21|00942763076|7|001|153|530100||29/05/2013|29/05/2013|44,90|||E|E|E|E|4317905|0|530100|0|||
|3020|1|100,00|44,90||0,00|0,00|0,00|44,90|
|3000|21|00942763076|7|001|154|530100||29/05/2013|29/05/2013|44,90|||E|E|E|E|4317905|0|530100|0|||
|3020|1|100,00|44,90||0,00|0,00|0,00|44,90|
|3000|21|00942763076|7|001|155|530100||29/05/2013|29/05/2013|44,90|||E|E|E|E|4317905|0|530100|0|||
|3020|1|100,00|44,90||0,00|0,00|0,00|44,90|
|3000|21|00942763076|7|001|156|530100||29/05/2013|29/05/2013|44,90|||E|E|E|E|4317905|0|530100|0|||
|3020|1|100,00|44,90||0,00|0,00|0,00|44,90|
|3000|21|00942763076|7|001|157|530100||29/05/2013|29/05/2013|44,90|||E|E|E|E|4317905|0|530100|0|||
|3020|1|100,00|44,90||0,00|0,00|0,00|44,90|
|3000|21|00942763076|7|001|158|530100||29/05/2013|29/05/2013|44,90|||E|E|E|E|4317905|0|530100|0|||
|3020|1|100,00|44,90||0,00|0,00|0,00|44,90|
|3000|21|00942763076|7|001|159|530100||29/05/2013|29/05/2013|44,90|||E|E|E|E|4317905|0|530100|0|||
|3020|1|100,00|44,90||0,00|0,00|0,00|44,90|
|3000|21|00942763076|7|001|160|530100||29/05/2013|29/05/2013|44,90|||E|E|E|E|4317905|0|530100|0|||
|3020|1|100,00|44,90||0,00|0,00|0,00|44,90|
|3000|21|00942763076|7|001|161|530100||29/05/2013|29/05/2013|44,90|||E|E|E|E|4317905|0|530100|0|||
|3020|1|100,00|44,90||0,00|0,00|0,00|44,90|
|3000|21|00942763076|7|001|162|530100||29/05/2013|29/05/2013|44,90|||E|E|E|E|4317905|0|530100|0|||
|3020|1|100,00|44,90||0,00|0,00|0,00|44,90|
|3000|21|30893640000|7|001|175|530100||29/05/2013|29/05/2013|7,24|||E|E|E|E|4317905|0|530100|0|||
|3020|1|100,00|7,24||0,00|0,00|0,00|7,24|
|3000|21|30893640000|7|001|176|530100||29/05/2013|29/05/2013|44,90|||E|E|E|E|4317905|0|530100|0|||
|3020|1|100,00|44,90||0,00|0,00|0,00|44,90|
|3000|21|30893640000|7|001|177|530100||29/05/2013|29/05/2013|44,90|||E|E|E|E|4317905|0|530100|0|||
|3020|1|100,00|44,90||0,00|0,00|0,00|44,90|
|3000|21|30893640000|7|001|178|530100||29/05/2013|29/05/2013|44,90|||E|E|E|E|4317905|0|530100|0|||
|3020|1|100,00|44,90||0,00|0,00|0,00|44,90|
|3000|21|30893640000|7|001|179|530100||29/05/2013|29/05/2013|44,90|||E|E|E|E|4317905|0|530100|0|||
|3020|1|100,00|44,90||0,00|0,00|0,00|44,90|
|3000|21|30893640000|7|001|180|530100||29/05/2013|29/05/2013|44,90|||E|E|E|E|4317905|0|530100|0|||
|3020|1|100,00|44,90||0,00|0,00|0,00|44,90|
|3000|21|30893640000|7|001|181|530100||29/05/2013|29/05/2013|44,90|||E|E|E|E|4317905|0|530100|0|||
|3020|1|100,00|44,90||0,00|0,00|0,00|44,90|
|3000|21|30893640000|7|001|182|530100||29/05/2013|29/05/2013|44,90|||E|E|E|E|4317905|0|530100|0|||
|3020|1|100,00|44,90||0,00|0,00|0,00|44,90|
|3000|21|30893640000|7|001|183|530100||29/05/2013|29/05/2013|44,90|||E|E|E|E|4317905|0|530100|0|||
|3020|1|100,00|44,90||0,00|0,00|0,00|44,90|
|3000|21|30893640000|7|001|184|530100||29/05/2013|29/05/2013|44,90|||E|E|E|E|4317905|0|530100|0|||
|3020|1|100,00|44,90||0,00|0,00|0,00|44,90|
|3000|21|30893640000|7|001|185|530100||29/05/2013|29/05/2013|44,90|||E|E|E|E|4317905|0|530100|0|||
|3020|1|100,00|44,90||0,00|0,00|0,00|44,90|
|3000|21|30893640000|7|001|186|530100||29/05/2013|29/05/2013|44,90|||E|E|E|E|4317905|0|530100|0|||
|3020|1|100,00|44,90||0,00|0,00|0,00|44,90|
|3000|21|00942763076|7|001|163|530100||29/05/2013|29/05/2013|30,58|||E|E|E|E|4317905|0|530100|0|||
|3020|1|100,00|30,58||0,00|0,00|0,00|30,58|
|3000|21|00942763076|7|001|164|530100||29/05/2013|29/05/2013|49,90|||E|E|E|E|4317905|0|530100|0|||
|3020|1|100,00|49,90||0,00|0,00|0,00|49,90|
|3000|21|00942763076|7|001|165|530100||29/05/2013|29/05/2013|49,90|||E|E|E|E|4317905|0|530100|0|||
|3020|1|100,00|49,90||0,00|0,00|0,00|49,90|
|3000|21|00942763076|7|001|166|530100||29/05/2013|29/05/2013|49,90|||E|E|E|E|4317905|0|530100|0|||
|3020|1|100,00|49,90||0,00|0,00|0,00|49,90|
|3000|21|00942763076|7|001|167|530100||29/05/2013|29/05/2013|49,90|||E|E|E|E|4317905|0|530100|0|||
|3020|1|100,00|49,90||0,00|0,00|0,00|49,90|
|3000|21|00942763076|7|001|168|530100||29/05/2013|29/05/2013|49,90|||E|E|E|E|4317905|0|530100|0|||
|3020|1|100,00|49,90||0,00|0,00|0,00|49,90|
|3000|21|00942763076|7|001|169|530100||29/05/2013|29/05/2013|49,90|||E|E|E|E|4317905|0|530100|0|||
|3020|1|100,00|49,90||0,00|0,00|0,00|49,90|
|3000|21|00942763076|7|001|170|530100||29/05/2013|29/05/2013|49,90|||E|E|E|E|4317905|0|530100|0|||
|3020|1|100,00|49,90||0,00|0,00|0,00|49,90|
|3000|21|00942763076|7|001|171|530100||29/05/2013|29/05/2013|49,90|||E|E|E|E|4317905|0|530100|0|||
|3020|1|100,00|49,90||0,00|0,00|0,00|49,90|
|3000|21|00942763076|7|001|172|530100||29/05/2013|29/05/2013|49,90|||E|E|E|E|4317905|0|530100|0|||
|3020|1|100,00|49,90||0,00|0,00|0,00|49,90|
|3000|21|00942763076|7|001|173|530100||29/05/2013|29/05/2013|49,90|||E|E|E|E|4317905|0|530100|0|||
|3020|1|100,00|49,90||0,00|0,00|0,00|49,90|
|3000|21|00942763076|7|001|174|530100||29/05/2013|29/05/2013|49,90|||E|E|E|E|4317905|0|530100|0|||
|3020|1|100,00|49,90||0,00|0,00|0,00|49,90|
|3000|21|95186930059|7|001|199|530100||29/05/2013|29/05/2013|3,38|||E|E|E|E|4317202|0|530100|0|||
|3020|1|100,00|3,38||0,00|0,00|0,00|3,38|
|3000|21|95186930059|7|001|200|530100||29/05/2013|29/05/2013|32,58|||E|E|E|E|4317202|0|530100|0|||
|3020|1|100,00|32,58||0,00|0,00|0,00|32,58|
|3000|21|30968127053|7|001|187|530100||29/05/2013|29/05/2013|5,20|||E|E|E|E|4319372|0|530100|0|||
|3020|1|100,00|5,20||0,00|0,00|0,00|5,20|
|3000|21|30968127053|7|001|188|530100||29/05/2013|29/05/2013|34,90|||E|E|E|E|4319372|0|530100|0|||
|3020|1|100,00|34,90||0,00|0,00|0,00|34,90|
|3000|21|30968127053|7|001|189|530100||29/05/2013|29/05/2013|34,90|||E|E|E|E|4319372|0|530100|0|||
|3020|1|100,00|34,90||0,00|0,00|0,00|34,90|
|3000|21|30968127053|7|001|190|530100||29/05/2013|29/05/2013|34,90|||E|E|E|E|4319372|0|530100|0|||
|3020|1|100,00|34,90||0,00|0,00|0,00|34,90|
|3000|21|30968127053|7|001|191|530100||29/05/2013|29/05/2013|34,90|||E|E|E|E|4319372|0|530100|0|||
|3020|1|100,00|34,90||0,00|0,00|0,00|34,90|
|3000|21|30968127053|7|001|192|530100||29/05/2013|29/05/2013|34,90|||E|E|E|E|4319372|0|530100|0|||
|3020|1|100,00|34,90||0,00|0,00|0,00|34,90|
|3000|21|30968127053|7|001|193|530100||29/05/2013|29/05/2013|34,90|||E|E|E|E|4319372|0|530100|0|||
|3020|1|100,00|34,90||0,00|0,00|0,00|34,90|
|3000|21|30968127053|7|001|194|530100||29/05/2013|29/05/2013|34,90|||E|E|E|E|4319372|0|530100|0|||
|3020|1|100,00|34,90||0,00|0,00|0,00|34,90|
|3000|21|30968127053|7|001|195|530100||29/05/2013|29/05/2013|34,90|||E|E|E|E|4319372|0|530100|0|||
|3020|1|100,00|34,90||0,00|0,00|0,00|34,90|
|3000|21|30968127053|7|001|196|530100||29/05/2013|29/05/2013|34,90|||E|E|E|E|4319372|0|530100|0|||
|3020|1|100,00|34,90||0,00|0,00|0,00|34,90|
|3000|21|30968127053|7|001|197|530100||29/05/2013|29/05/2013|34,90|||E|E|E|E|4319372|0|530100|0|||
|3020|1|100,00|34,90||0,00|0,00|0,00|34,90|
|3000|21|30968127053|7|001|198|530100||29/05/2013|29/05/2013|34,90|||E|E|E|E|4319372|0|530100|0|||
|3020|1|100,00|34,90||0,00|0,00|0,00|34,90|
