03300000        2008820024000107001080130107953     001854500           SI TELEINFORMATICA - CONSULTORBANCO SANTANDER BANESPA                 230042010      000298040                                                                          
03369541T01  040 2008820024000107001854500           001080130107953     SI TELEINFORMATICA - CONSULTOR                                                                                0000029830042010                                         
0336954300001T 17001080130107953        00000000428141               3004201000000000000899003309121                         002000000000000000                                        00185450080000000000001250300000000                      
0336954300002U 170000000000000000000000000000000000000000000000000000000000000000000000093050000000000093050000000000000000000000000003153004201003052010000000000000000000000000000                              000                           
0336954300003T 17001080130107953        00000000455801               3004201000000000001000003305657                         002000000000000000                                        00185450080000000000001250300000000                      
0336954300004U 170000000000000000000000000000000000000000000000000000000000000000000000103500000000000103500000000000000000000000000003503004201003052010000000000000000000000000000                              000                           
0336954300005T 17001080130107953        00000000388301               3004201000000000000899003309121                         002000000000000000                                        00185450080000000000001250300000000                      
0336954300006U 170000000000000000000000000000000000000000000000000000000000000000000000092600000000000092600000000000000000000000000002703004201003052010000000000000000000000000000                              000                           
0336954300007T 17001080130107953        00000000472721               3004201000000000000759003309121                         002000000000000000                                        00185450080000000000001250300000000                      
0336954300008U 170000000000000000000000000000000000000000000000000000000000000000000000078550000000000078550000000000000000000000000002653004201003052010000000000000000000000000000                              000                           
0336954300009T 17001080130107953        00000000406191               3004201000000000000899003309121                         002000000000000000                                        00185450080000000000001250300000000                      
0336954300010U 170000000000000000000000000000000000000000000000000000000000000000000000093000000000000093000000000000000000000000000003103004201003052010000000000000000000000000000                              000                           
0336954300011T 17001080130107953        00000000479081               3004201000000000000759003309121                         002000000000000000                                        00185450080000000000001250300000000                      
0336954300012U 170000000000000000000000000000000000000000000000000000000000000000000000078200000000000078200000000000000000000000000002303004201003052010000000000000000000000000000                              000                           
0336954300013T 17001080130107953        00000000479811               3004201000000000000759003306327                         002000000000000000                                        00185450080000000000001250300000000                      
0336954300014U 170000000000000000000000000000000000000000000000000000000000000000000000075900000000000075900000000000000000000000000000003004201003052010000000000000000000000000000                              000                           
0336954300015T 17001080130107953        00000000502181               3004201000000000000499003309121                         002000000000000000                                        00185450080000000000001250300000000                      
0336954300016U 170000000000000000000000000000000000000000000000000000000000000000000000051650000000000051650000000000000000000000000001753004201003052010000000000000000000000000000                              000                           
0336954300017T 17001080130107953        00000000550721               3004201000000000000449003320176                         002000000000000000                                        00185450080000000000001250300000000                      
0336954300018U 170000000000000000000000000000000000000000000000000000000000000000000000046250000000000046250000000000000000000000000001353004201003052010000000000000000000000000000                              000                           
0336954300019T 17001080130107953        00000000573451               3004201000000000000550403307765                         002000000000000000                                        00185450080000000000001250300000000                      
0336954300020U 170000000000000000000000000000000000000000000000000000000000000000000000056970000000000056970000000000000000000000000001933004201003052010000000000000000000000000000                              000                           
0336954300021T 17001080130107953        00000000386981               3004201000000000000700003321628                         002000000000000000                                        00185450080000000000001250300000000                      
0336954300022U 170000000000000000000000000000000000000000000000000000000000000000000000072000000000000072000000000000000000000000000002003004201003052010000000000000000000000000000                              000                           
0336954300023T 17001080130107953        00000000495041               3004201000000000000599003307765                         002000000000000000                                        00185450080000000000001250300000000                      
0336954300024U 170000000000000000000000000000000000000000000000000000000000000000000000059900000000000059900000000000000000000000000000003004201003052010000000000000000000000000000                              000                           
0336954300025T 17001080130107953        00000000413641               3004201000000000000600003307765                         002000000000000000                                        00185450080000000000001250300000000                      
0336954300026U 170000000000000000000000000000000000000000000000000000000000000000000000060000000000000060000000000000000000000000000000003004201003052010000000000000000000000000000                              000                           
0336954300027T 17001080130107953        00000000577241               3004201000000000000503503309121                         002000000000000000                                        00185450080000000000001250300000000                      
0336954300028U 170000000000000000000000000000000000000000000000000000000000000000000000050350000000000050350000000000000000000000000000003004201003052010000000000000000000000000000                              000                           
0336954300029T 17001080130107953        00000000391441               3004201000000000000599010404088                         002000000000000000                                        00185450080000000000001250400000000                      
0336954300030U 170000000000000000000000000000000000000000000000000000000000000000000000059900000000000059900000000000000000000000000000003004201003052010000000000000000000000000000                              000                           
0336954300031T 17001080130107953        00000000413161               3004201000000000000599010402886                         002000000000000000                                        00185450080000000000001250400000000                      
0336954300032U 170000000000000000000000000000000000000000000000000000000000000000000000059900000000000059900000000000000000000000000000003004201003052010000000000000000000000000000                              000                           
0336954300033T 17001080130107953        00000000418801               3004201000000000000599023702450                         002000000000000000                                        00185450080000000000001250400000000                      
0336954300034U 170000000000000000000000000000000000000000000000000000000000000000000000059900000000000059900000000000000000000000000000003004201003052010000000000000000000000000000                              000                           
0336954300035T 17001080130107953        00000000422281               3004201000000000000450010400296                         002000000000000000                                        00185450080000000000001250400000000                      
0336954300036U 170000000000000000000000000000000000000000000000000000000000000000000000045000000000000045000000000000000000000000000000003004201003052010000000000000000000000000000                              000                           
0336954300037T 17001080130107953        00000000438441               3004201000000000000599006500001                         002000000000000000                                        00185450080000000000001250400000000                      
0336954300038U 170000000000000000000000000000000000000000000000000000000000000000000000059900000000000059900000000000000000000000000000003004201003052010000000000000000000000000000                              000                           
0336954300039T 17001080130107953        00000000441321               3004201000000000000599023700318                         002000000000000000                                        00185450080000000000001250400000000                      
0336954300040U 170000000000000000000000000000000000000000014900000000000000000000000000045000000000000045000000000000000000000000000000003004201003052010000000000000000000000000000                              000                           
0336954300041T 17001080130107953        00000000466371               3004201000000000000449010402908                         002000000000000000                                        00185450080000000000001250400000000                      
0336954300042U 170000000000000000000000000000000000000000000000000000000000000000000000044900000000000044900000000000000000000000000000003004201003052010000000000000000000000000000                              000                           
0336954300043T 17001080130107953        00000000474171               3004201000000000000449010400296                         002000000000000000                                        00185450080000000000001250400000000                      
0336954300044U 170000000000000000000000000000000000000000000000000000000000000000000000044900000000000044900000000000000000000000000000003004201003052010000000000000000000000000000                              000                           
0336954300045T 17001080130107953        00000000483161               3004201000000000000449010402908                         002000000000000000                                        00185450080000000000001250400000000                      
0336954300046U 170000000000000000000000000000000000000000000000000000000000000000000000044900000000000044900000000000000000000000000000003004201003052010000000000000000000000000000                              000                           
0336954300047T 17001080130107953        00000000490951               3004201000000000000617706500001                         002000000000000000                                        00185450080000000000001250400000000                      
0336954300048U 170000000000000000000000000000000000000000000000000000000000000000000000061770000000000061770000000000000000000000000000003004201003052010000000000000000000000000000                              000                           
0336954300049T 17001080130107953        00000000494201               3004201000000000000759010400296                         002000000000000000                                        00185450080000000000001250400000000                      
0336954300050U 170000000000000000000000000000000000000000000000000000000000000000000000075900000000000075900000000000000000000000000000003004201003052010000000000000000000000000000                              000                           
0336954300051T 17001080130107953        00000000502041               3004201000000000000716710401604                         002000000000000000                                        00185450080000000000001250400000000                      
0336954300052U 170000000000000000000000000000000000000000000000000000000000000000000000071670000000000071670000000000000000000000000000003004201003052010000000000000000000000000000                              000                           
0336954300053T 17001080130107953        00000000521691               3004201000000000000759023700927                         002000000000000000                                        00185450080000000000001250400000000                      
0336954300054U 170000000000000000000000000000000000000000000000000000000000000000000000075900000000000075900000000000000000000000000000003004201003052010000000000000000000000000000                              000                           
0336954300055T 17001080130107953        00000000538171               3004201000000000000785200101849                         002000000000000000                                        00185450080000000000001250400000000                      
0336954300056U 170000000000000000000000000000000000000000000000000000000000000000000000078520000000000078520000000000000000000000000000003004201003052010000000000000000000000000000                              000                           
0336954300057T 17001080130107953        00000000540381               3004201000000000000759035600707                         002000000000000000                                        00185450080000000000001250400000000                      
0336954300058U 170000000000000000000000000000000000000000000000000000000000000000000000075900000000000075900000000000000000000000000000003004201003052010000000000000000000000000000                              000                           
0336954300059T 17001080130107953        00000000549171               3004201000000000000599006500001                         002000000000000000                                        00185450080000000000001250400000000                      
0336954300060U 170000000000000000000000000000000000000000000000000000000000000000000000059900000000000059900000000000000000000000000000003004201003052010000000000000000000000000000                              000                           
0336954300061T 17001080130107953        00000000559851               3004201000000000000399000101890                         002000000000000000                                        00185450080000000000001250400000000                      
0336954300062U 170000000000000000000000000000000000000000000000000000000000000000000000039900000000000039900000000000000000000000000000003004201003052010000000000000000000000000000                              000                           
0336954300063T 17001080130107953        00000000565021               3004201000000000000399000101890                         002000000000000000                                        00185450080000000000001250400000000                      
0336954300064U 170000000000000000000000000000000000000000000000000000000000000000000000039900000000000039900000000000000000000000000000003004201003052010000000000000000000000000000                              000                           
0336954300065T 17001080130107953        00000000567641               3004201000000000000599010401211                         002000000000000000                                        00185450080000000000001250400000000                      
0336954300066U 170000000000000000000000000000000000000000000000000000000000000000000000059900000000000059900000000000000000000000000000003004201003052010000000000000000000000000000                              000                           
0336954300067T 17001080130107953        00000000570041               3004201000000000000399000101890                         002000000000000000                                        00185450080000000000001250400000000                      
0336954300068U 170000000000000000000000000000000000000000000000000000000000000000000000039900000000000039900000000000000000000000000000003004201003052010000000000000000000000000000                              000                           
0336954300069T 17001080130107953        00000000579861               3004201000000000000449034102078                         002000000000000000                                        00185450080000000000001250400000000                      
0336954300070U 170000000000000000000000000000000000000000000000000000000000000000000000044900000000000044900000000000000000000000000000003004201003052010000000000000000000000000000                              000                           
0336954300071T 17001080130107953        00000000583401               3004201000000000000599023700595                         002000000000000000                                        00185450080000000000001250400000000                      
0336954300072U 170000000000000000000000000000000000000000000000000000000000000000000000059900000000000059900000000000000000000000000000003004201003052010000000000000000000000000000                              000                           
0336954300073T 17001080130107953        00000000584411               3004201000000000000345800104259                         002000000000000000                                        00185450080000000000001250400000000                      
0336954300074U 170000000000000000000000000000000000000000000000000000000000000000000000034580000000000034580000000000000000000000000000003004201003052010000000000000000000000000000                              000                           
03369545         0000740000000000000000000000000000000000000000000000000000000000000000000000000000000000000000000000000000                                                                                                                     
03369549         000001000078                                                                                                                                                                                                                   
